0.392473 4.688762 -1.731083 5.473266 -0.289525 4.151830 0.683819 4.508960
-0.467571 4.782141 -0.426194 5.150778 0.554163 5.617883 0.394789 5.828746
-0.590456 5.203097 1.204960 3.878851 0.397568 5.255122 -0.951491 4.557399
0.790594 5.206282 -1.010864 4.524001 0.175817 4.704896 -0.787587 5.701639
-0.460813 4.529073 1.189202 4.272344 0.976272 5.521098 0.775250 4.939115
-0.584719 5.339831 0.800180 5.685280 -0.208715 4.606437 -1.445574 5.136822
0.835333 4.679101 -0.478916 4.854994 0.524237 5.383475 -0.453946 4.654461
-1.144358 6.028483 -1.617040 5.010613 0.219120 5.811611 -1.438528 4.826481
1.225849 4.881192 -0.770012 5.278370 -1.757166 5.829054 1.866244 4.350412
1.557602 4.173803 0.626700 5.206660 0.002688 4.658688 0.185793 4.845923
0.674552 5.078682 -0.506981 4.217089 -1.271237 4.570869 -1.075152 4.694641
-0.342006 4.671999 1.582373 4.388205 1.499016 4.457430 1.456675 5.254338
1.354302 5.158559 -0.860157 5.453408 -0.269243 4.354572 1.034253 5.502139
0.791924 4.014016 0.885695 5.513054 1.282074 4.662727 -0.374203 5.001295
0.183266 5.481366 0.033936 3.997822 0.234605 4.128577 0.384335 4.231267
4.797544 0.677006 4.260628 2.245181 4.167398 3.564682 3.373453 3.566361
3.282995 3.420318 4.066861 0.039136 3.754578 -0.327880 3.762222 4.104469
4.508022 4.191095 3.844941 1.519835 3.913053 0.310663 3.148710 2.600559
3.979385 1.216708 4.423954 -0.521113 4.842947 2.709300 4.270016 3.711829
4.470176 3.899750 4.693411 3.102836 3.785893 4.001349 3.316731 3.291898
4.708710 2.355085 4.439552 3.251531 3.560057 4.172264 4.800866 3.416010
3.625987 3.148536 4.061854 3.546475 3.967834 2.820288 4.955934 2.361857
3.934586 1.270400 3.343144 2.655829 4.149765 4.858076 4.581788 4.297241
3.138971 1.630446 3.232468 2.695755 3.905107 -0.094816 4.547954 0.319106
3.647935 2.562436 4.277992 1.135122 3.842152 0.784564 4.595315 4.068041
4.272179 4.184751 4.243864 1.589254 3.541893 2.264996 4.058019 2.347678
4.319215 -0.246127 3.786731 2.405603 3.765264 1.354399 4.227114 3.969368
3.856169 4.865862 3.631329 1.835823 4.200977 3.235876 3.676197 3.970413
3.612092 0.481770 3.477640 0.167865 3.352367 2.238113 4.148772 2.156695
4.028440 3.749225 4.511957 2.506159 4.437639 3.251211 3.462291 3.258124
4.670854 4.064812 4.227865 2.782661 4.314377 2.156743 4.242528 0.039906
4.371407 2.713846 4.865950 0.722895 4.255500 0.686982 3.555857 -0.046087
3.976513 3.751556 3.744741 0.380391 4.717089 2.967637 3.381081 3.375803
3.964701 2.051801 4.275585 2.496787 4.086547 2.350102 4.195333 3.627176
3.972308 1.631397 3.446353 1.739243 3.507772 -0.25950 3.752135 1.186792
4.342305 4.512587 3.904573 3.183321 3.474702 2.146167 4.807326 0.550306
4.697809 3.732143 4.764769 3.746963 3.837609 1.819013 3.327122 0.877491
4.179445 0.509374 3.758163 4.535824 3.420195 1.667822 3.358179 1.207931
4.333138 1.123023 4.500865 2.093882 4.174701 4.928042 3.140143 2.522568
4.281658 3.494965 3.551645 1.458362 4.178576 4.075363 4.237745 3.754904