-1.136909 -0.715080
-0.019995 -0.108570
-0.305477 -0.835670
-0.364433 -0.335014
-0.687055 -0.871415
-0.255737 -0.739738
0.238247 0.235795
-0.183108 -0.071099
1.737553 2.051881
-1.364054 -1.257521
0.410489 0.536193
-1.463030 -0.922521
0.455579 -0.106884
-1.895013 -1.825165
-1.692487 -1.866031
1.906042 1.712006
-0.912464 -1.218189
0.629290 0.663018
-1.039548 -0.952660
-0.123616 -0.118099
0.367378 0.318614
0.706102 0.060372
-0.074443 -0.013505
0.543729 0.694131
0.918842 1.124036
0.411426 0.408917
0.525125 0.323778
0.646172 0.984618
0.617338 0.970773
-1.475412 -1.463941
-0.949208 -0.945993
-0.179752 -0.221518
0.868341 1.143636
-1.153514 -0.959400
1.363831 1.733728
-0.043032 -0.060552
0.707827 0.836860
0.776475 0.721784
-0.140435 -0.139233
-0.008931 -0.414526
-0.874602 -1.241448
0.327610 -0.004361
1.639905 1.907668
0.345936 0.427129
-1.144314 -1.253305
0.080371 0.064681
0.997222 1.068506
0.132438 0.214444
0.801514 1.060919
-0.037230 -0.181010
-0.724008 -0.679760
-0.152591 0.231985
0.057443 -0.091092
0.469515 0.374797
-0.437146 0.001139
1.127107 0.552190
-0.904550 -0.559452
-0.743013 -0.541702
-0.974676 -1.007219
-0.068631 -0.098708
1.011363 1.140933
0.133261 0.169306
0.498270 0.538736
-0.011631 0.091735
1.182286 0.586457
-0.469102 -0.306910
-0.424064 -0.004667
0.029413 0.016844
0.840829 0.354471
-0.043642 0.018459
-0.142713 -0.100407
1.536837 1.512256
-0.214420 -0.452956
0.222861 0.327005
1.111929 0.657477
-0.367083 0.266814
-0.373245 -0.138701
0.734118 0.710501
-0.314446 -0.406434
-0.914024 -0.894171
0.771119 1.264404
-0.018767 -0.318290
-1.184925 -1.059058
-0.554309 -0.499464
-0.718130 -0.240257
-1.020152 -0.632119
0.318870 0.087810
-0.892974 -0.682420
-0.078113 -0.440992
-0.379504 -0.725536