0.810831 -0.552096 4.178576 4.075363
1.357364 1.165427 4.237745 3.754904
0.464588 0.34218 0.810831 -0.552096
-0.643902 0.164353 1.357364 1.165427
0.836779 0.896883 0.464588 0.34218
-1.486807 -0.659875 -0.643902 0.164353
-1.08032 -0.691931 0.836779 0.896883
-0.454588 -1.313122 -1.486807 -0.659875
0.015564 0.301778 -1.08032 -0.691931
0.505334 -0.808687 -0.454588 -1.313122
-0.04276 1.120155 0.015564 0.301778
-1.208152 0.058249 0.505334 -0.808687
0.703988 -0.228097 -0.04276 1.120155
-1.15505 -0.714617 -1.208152 0.058249
-0.534014 0.581944 0.703988 -0.228097
-0.030791 -0.977369 -1.15505 -0.714617
0.582063 -0.364418 -0.534014 0.581944
0.150766 -0.747611 -0.030791 -0.977369
0.026504 -0.455569 0.582063 -0.364418
-0.987247 -0.706803 0.150766 -0.747611
1.179535 0.456121 0.026504 -0.455569
0.319984 0.95496 -0.987247 -0.706803
0.997544 -0.316347 1.179535 0.456121
-0.986591 -0.959999 0.319984 0.95496
0.235613 0.309634 0.997544 -0.316347
-0.127184 0.493345 -0.986591 -0.959999
-0.299913 0.514379 0.235613 0.309634
1.410037 0.234304 -0.127184 0.493345
-1.229346 -0.264383 -0.299913 0.514379
0.444969 -0.83582 1.410037 0.234304
0.367703 -0.115663 -1.229346 -0.264383
-1.167328 -1.253192 0.444969 -0.83582
-0.355128 -0.492419 0.367703 -0.115663
-1.077822 -0.624575 -1.167328 -1.253192
1.482912 1.224543 -0.355128 -0.492419
-0.061826 0.854676 -1.077822 -0.624575
0.448663 1.119711 1.482912 1.224543
0.131415 -0.391768 -0.061826 0.854676
0.86191 1.28364 0.448663 1.119711
1.610711 0.863136 0.131415 -0.391768
-1.219452 -1.230034 0.86191 1.28364
0.950742 -0.447317 1.610711 0.863136
-0.136005 -1.021787 -1.219452 -1.230034
0.332291 -0.114963 0.950742 -0.447317
-0.914996 -0.583172 -0.136005 -1.021787
0.559103 0.845035 0.332291 -0.114963
-0.334597 0.788516 -0.914996 -0.583172
-0.26004 0.451973 0.559103 0.845035
-1.560841 -0.849909 -0.334597 0.788516
0.240598 -0.019207 -0.26004 0.451973
0.485926 -0.435991 -1.560841 -0.849909
0.162651 0.065829 0.240598 -0.019207
0.908328 -0.259693 0.485926 -0.435991
0.847576 -0.534039 0.162651 0.065829
0.399616 -0.632924 0.908328 -0.259693
0.699616 -0.388827 0.847576 -0.534039
1.520275 1.09483 0.399616 -0.632924
0.338343 1.06801 0.699616 -0.388827
0.418087 -0.933666 1.520275 1.09483
-0.315581 -0.622709 0.338343 1.06801
-0.0858 0.065301 0.418087 -0.933666
1.312839 0.016455 -0.315581 -0.622709
0.080016 -0.625835 -0.0858 0.065301
-1.068532 -0.032295 1.312839 0.016455
0.001352 0.53056 0.080016 -0.625835
0.769499 0.168204 -1.068532 -0.032295
-0.879176 0.047597 0.001352 0.53056
0.977896 0.659221 0.769499 0.168204
0.972958 0.924593 -0.879176 0.047597
1.131358 0.130643 0.977896 0.659221
-0.236159 -1.254458 0.972958 0.924593
0.805684 1.130203 1.131358 0.130643
-1.239237 -0.073223 -0.236159 -1.254458
1.137278 0.763314 0.805684 1.130203
0.803014 1.050028 -1.239237 -0.073223
0.907349 1.180425 1.137278 0.763314
0.424451 0.50014 0.803014 1.050028
1.404433 0.761112 0.907349 1.180425
0.595959 0.629293 0.424451 0.50014
-0.266909 -0.570652 1.404433 0.761112
-0.172559 -0.520051 0.595959 0.629293
-0.754906 0.655015 -0.266909 -0.570652
1.059447 0.506772 -0.172559 -0.520051
-0.337603 0.385062 -0.754906 0.655015
-0.353915 0.379918 1.059447 0.506772
1.036535 -0.118344 -0.337603 0.385062
0.293139 1.042856 -0.353915 0.379918
0.151335 -0.451588 1.036535 -0.118344
0.161223 -0.454017 0.293139 1.042856
-0.869544 -0.333425 0.151335 -0.451588
-0.518041 -0.775865 0.161223 -0.454017
-0.007588 -0.681203 -0.869544 -0.333425
-1.291836 0.049133 -0.518041 -0.775865
0.908889 1.3566 -0.007588 -0.681203
-0.036279 0.527961 -1.291836 0.049133
-1.263525 -0.112923 0.908889 1.3566
-0.04308 -0.384994 -0.036279 0.527961
0.156952 -0.44051 -1.263525 -0.112923
1.091437 1.193837 -0.04308 -0.384994
0.855828 0.442145 0.156952 -0.44051
-0.514282 3.193695 1.091437 1.193837
-1.056665 2.135867 0.855828 0.442145
0.469198 3.13584 -0.514282 3.193695
-0.666693 2.915994 -1.056665 2.135867
0.66029 2.022188 0.469198 3.13584
-0.32155 1.904173 -0.666693 2.915994
1.085684 2.502202 0.66029 2.022188
-1.527678 2.92919 -0.32155 1.904173
-0.708347 2.956307 1.085684 2.502202
0.038267 2.61292 -1.527678 2.92919
-0.252631 2.836852 -0.708347 2.956307
-0.266434 1.710894 0.038267 2.61292
1.280243 2.656411 -0.252631 2.836852
0.46925 1.741391 -0.266434 1.710894
-0.489844 2.694797 1.280243 2.656411
-1.843167 2.756672 0.46925 1.741391
1.436257 2.537759 -0.489844 2.694797
1.610541 2.601274 -1.843167 2.756672
-0.925627 3.090637 1.436257 2.537759
0.381862 2.869878 1.610541 2.601274
1.033866 2.830567 -0.925627 3.090637
0.841006 3.09076 0.381862 2.869878
0.127807 2.872303 1.033866 2.830567
1.561945 2.920993 0.841006 3.09076
-0.958404 3.002588 0.127807 2.872303
-0.959318 1.981123 1.561945 2.920993
0.500829 2.631547 -0.958404 3.002588
0.953172 3.196827 -0.959318 1.981123
-0.759244 1.980889 0.500829 2.631547
0.755778 2.510551 0.953172 3.196827
0.1768 2.736909 -0.759244 1.980889
-0.508643 2.759239 0.755778 2.510551
-1.586265 2.203695 0.1768 2.736909
-0.366563 2.943017 -0.508643 2.759239
0.109035 2.15341 -1.586265 2.203695
1.14981 2.72562 -0.366563 2.943017
-1.541669 2.251848 0.109035 2.15341
-0.997811 1.99186 1.14981 2.72562
0.337051 1.811809 -1.541669 2.251848
-1.257493 2.668611 -0.997811 1.99186
-1.483411 2.597793 0.337051 1.811809
-0.960135 2.370833 -1.257493 2.668611
1.319309 2.516477 -1.483411 2.597793
0.662617 2.72465 -0.960135 2.370833
-0.373176 3.126297 1.319309 2.516477
-1.273789 2.078211 0.662617 2.72465
1.457517 1.960769 -0.373176 3.126297
0.175175 2.137481 -1.273789 2.078211
-1.249487 2.552758 1.457517 1.960769
-1.766317 2.294052 0.175175 2.137481
-1.771004 2.247337 -1.249487 2.552758
-1.028279 2.119438 -1.766317 2.294052
0.647964 2.436128 -1.771004 2.247337
1.421222 2.02961 -1.028279 2.119438
1.815708 2.55327 0.647964 2.436128
-0.709933 2.774879 1.421222 2.02961
0.6287 2.263941 1.815708 2.55327
1.101019 2.312518 -0.709933 2.774879
-0.850946 2.441709 0.6287 2.263941
-1.161875 2.459499 1.101019 2.312518
-1.917901 2.557697 -0.850946 2.441709
1.61902 2.636847 -1.161875 2.459499
0.345654 2.062426 -1.917901 2.557697
1.32132 2.998103 1.61902 2.636847
1.576337 2.411215 0.345654 2.062426
-0.884658 2.606353 1.32132 2.998103
-1.166365 2.880788 1.576337 2.411215
-0.888455 2.649488 -0.884658 2.606353
0.300287 1.865714 -1.166365 2.880788
-0.168243 2.290775 -0.888455 2.649488
1.491714 2.283442 0.300287 1.865714
-1.825572 2.360293 -0.168243 2.290775
0.510346 1.917645 1.491714 2.283442
0.657498 1.74974 -1.825572 2.360293
1.799944 2.373934 0.510346 1.917645
-1.568937 2.991486 0.657498 1.74974
-0.586001 2.052022 1.799944 2.373934
-0.665066 3.081557 -1.568937 2.991486
0.885694 1.791796 -0.586001 2.052022
1.468184 2.046193 -0.665066 3.081557
-0.385049 3.148221 0.885694 1.791796
-0.72842 1.82968 1.468184 2.046193
-0.049924 2.331142 -0.385049 3.148221
-0.851898 2.402296 -0.72842 1.82968
1.818772 2.372645 -0.049924 2.331142
-1.262745 2.019086 -0.851898 2.402296
0.305039 2.753358 1.818772 2.372645
-0.487803 1.778518 -1.262745 2.019086
1.358644 2.984491 0.305039 2.753358
-0.061581 1.98725 -0.487803 1.778518
0.688312 1.813675 1.358644 2.984491
0.969963 2.196707 -0.061581 1.98725
0.246576 2.359044 0.688312 1.813675
-1.153771 2.375196 0.969963 2.196707
0.141793 2.199259 0.246576 2.359044
0.52315 3.053531 -1.153771 2.375196
0.374774 2.540291 0.141793 2.199259
-0.706522 2.680273 0.52315 3.053531
-1.404407 2.011466 0.374774 2.540291
1.878639 2.524433 -0.706522 2.680273
-1.252161 4.595982 -1.404407 2.011466
0.403397 4.664438 1.878639 2.524433
1.184887 4.729431 -1.252161 4.595982
0.483914 4.661279 0.403397 4.664438
1.058662 4.139604 1.184887 4.729431
-0.743436 5.450736 0.483914 4.661279
-0.274353 4.145079 1.058662 4.139604
-0.467963 4.333563 -0.743436 5.450736
-0.835754 4.782662 -0.274353 4.145079
-1.13831 5.45584 -0.467963 4.333563
0.135823 4.216405 -0.835754 4.782662
-0.231157 5.910545 -1.13831 5.45584
1.603099 4.092962 0.135823 4.216405
0.79424 5.514881 -0.231157 5.910545
-1.259234 5.508506 1.603099 4.092962
-0.812622 4.289069 0.79424 5.514881
-0.288341 4.550324 -1.259234 5.508506
-0.597914 4.542998 -0.812622 4.289069
-1.532651 5.006298 -0.288341 4.550324
0.86868 4.734013 -0.597914 4.542998
-0.918091 5.803641 -1.532651 5.006298
-0.406679 4.369684 0.86868 4.734013
-0.598748 5.700556 -0.918091 5.803641
-0.294587 4.781506 -0.406679 4.369684
0.920304 4.52264 -0.598748 5.700556
0.313416 4.17575 -0.294587 4.781506
-1.23142 4.807567 0.920304 4.52264
0.873939 4.097733 0.313416 4.17575
-1.892713 5.419602 -1.23142 4.807567
0.145955 5.497594 0.873939 4.097733
-0.847049 4.472751 -1.892713 5.419602
0.649144 5.086061 0.145955 5.497594
0.990046 4.553275 -0.847049 4.472751
0.740694 4.660983 0.649144 5.086061
-0.074056 4.290081 0.990046 4.553275
-0.216103 4.231506 0.740694 4.660983
-0.623098 4.631027 -0.074056 4.290081
0.470979 5.102245 -0.216103 4.231506
1.139348 5.049803 -0.623098 4.631027
1.562672 4.929757 0.470979 5.102245
0.392473 4.688762 1.139348 5.049803
-1.731083 5.473266 1.562672 4.929757
-0.289525 4.15183 0.392473 4.688762
0.683819 4.50896 -1.731083 5.473266
-0.467571 4.782141 -0.289525 4.15183
-0.426194 5.150778 0.683819 4.50896
0.554163 5.617883 -0.467571 4.782141
0.394789 5.828746 -0.426194 5.150778
-0.590456 5.203097 0.554163 5.617883
1.20496 3.878851 0.394789 5.828746
0.397568 5.255122 -0.590456 5.203097
-0.951491 4.557399 1.20496 3.878851
0.790594 5.206282 0.397568 5.255122
-1.010864 4.524001 -0.951491 4.557399
0.175817 4.704896 0.790594 5.206282
-0.787587 5.701639 -1.010864 4.524001
-0.460813 4.529073 0.175817 4.704896
1.189202 4.272344 -0.787587 5.701639
0.976272 5.521098 -0.460813 4.529073
0.77525 4.939115 1.189202 4.272344
-0.584719 5.339831 0.976272 5.521098
0.80018 5.68528 0.77525 4.939115
-0.208715 4.606437 -0.584719 5.339831
-1.445574 5.136822 0.80018 5.68528
0.835333 4.679101 -0.208715 4.606437
-0.478916 4.854994 -1.445574 5.136822
0.524237 5.383475 0.835333 4.679101
-0.453946 4.654461 -0.478916 4.854994
-1.144358 6.028483 0.524237 5.383475
-1.61704 5.010613 -0.453946 4.654461
0.21912 5.811611 -1.144358 6.028483
-1.438528 4.826481 -1.61704 5.010613
1.225849 4.881192 0.21912 5.811611
-0.770012 5.27837 -1.438528 4.826481
-1.757166 5.829054 1.225849 4.881192
1.866244 4.350412 -0.770012 5.27837
1.557602 4.173803 -1.757166 5.829054
0.6267 5.20666 1.866244 4.350412
0.002688 4.658688 1.557602 4.173803
0.185793 4.845923 0.6267 5.20666
0.674552 5.078682 0.002688 4.658688
-0.506981 4.217089 0.185793 4.845923
-1.271237 4.570869 0.674552 5.078682
-1.075152 4.694641 -0.506981 4.217089
-0.342006 4.671999 -1.271237 4.570869
1.582373 4.388205 -1.075152 4.694641
1.499016 4.45743 -0.342006 4.671999
1.456675 5.254338 1.582373 4.388205
1.354302 5.158559 1.499016 4.45743
-0.860157 5.453408 1.456675 5.254338
-0.269243 4.354572 1.354302 5.158559
1.034253 5.502139 -0.860157 5.453408
0.791924 4.014016 -0.269243 4.354572
0.885695 5.513054 1.034253 5.502139
1.282074 4.662727 0.791924 4.014016
-0.374203 5.001295 0.885695 5.513054
0.183266 5.481366 1.282074 4.662727
0.033936 3.997822 -0.374203 5.001295
0.234605 4.128577 0.183266 5.481366
0.384335 4.231267 0.033936 3.997822
4.797544 0.677006 0.234605 4.128577
4.260628 2.245181 0.384335 4.231267
4.167398 3.564682 4.797544 0.677006
3.373453 3.566361 4.260628 2.245181
3.282995 3.420318 4.167398 3.564682
4.066861 0.039136 3.373453 3.566361
3.754578 -0.32788 3.282995 3.420318
3.762222 4.104469 4.066861 0.039136
4.508022 4.191095 3.754578 -0.32788
3.844941 1.519835 3.762222 4.104469
3.913053 0.310663 4.508022 4.191095
3.14871 2.600559 3.844941 1.519835
3.979385 1.216708 3.913053 0.310663
4.423954 -0.521113 3.14871 2.600559
4.842947 2.7093 3.979385 1.216708
4.270016 3.711829 4.423954 -0.521113
4.470176 3.89975 4.842947 2.7093
4.693411 3.102836 4.270016 3.711829
3.785893 4.001349 4.470176 3.89975
3.316731 3.291898 4.693411 3.102836
4.70871 2.355085 3.785893 4.001349
4.439552 3.251531 3.316731 3.291898
3.560057 4.172264 4.70871 2.355085
4.800866 3.41601 4.439552 3.251531
3.625987 3.148536 3.560057 4.172264
4.061854 3.546475 4.800866 3.41601
3.967834 2.820288 3.625987 3.148536
4.955934 2.361857 4.061854 3.546475
3.934586 1.2704 3.967834 2.820288
3.343144 2.655829 4.955934 2.361857
4.149765 4.858076 3.934586 1.2704
4.581788 4.297241 3.343144 2.655829
3.138971 1.630446 4.149765 4.858076
3.232468 2.695755 4.581788 4.297241
3.905107 -0.094816 3.138971 1.630446
4.547954 0.319106 3.232468 2.695755
3.647935 2.562436 3.905107 -0.094816
4.277992 1.135122 4.547954 0.319106
3.842152 0.784564 3.647935 2.562436
4.595315 4.068041 4.277992 1.135122
4.272179 4.184751 3.842152 0.784564
4.243864 1.589254 4.595315 4.068041
3.541893 2.264996 4.272179 4.184751
4.058019 2.347678 4.243864 1.589254
4.319215 -0.246127 3.541893 2.264996
3.786731 2.405603 4.058019 2.347678
3.765264 1.354399 4.319215 -0.246127
4.227114 3.969368 3.786731 2.405603
3.856169 4.865862 3.765264 1.354399
3.631329 1.835823 4.227114 3.969368
4.200977 3.235876 3.856169 4.865862
3.676197 3.970413 3.631329 1.835823
3.612092 0.48177 4.200977 3.235876
3.47764 0.167865 3.676197 3.970413
3.352367 2.238113 3.612092 0.48177
4.148772 2.156695 3.47764 0.167865
4.02844 3.749225 3.352367 2.238113
4.511957 2.506159 4.148772 2.156695
4.437639 3.251211 4.02844 3.749225
3.462291 3.258124 4.511957 2.506159
4.670854 4.064812 4.437639 3.251211
4.227865 2.782661 3.462291 3.258124
4.314377 2.156743 4.670854 4.064812
4.242528 0.039906 4.227865 2.782661
4.371407 2.713846 4.314377 2.156743
4.86595 0.722895 4.242528 0.039906
4.2555 0.686982 4.371407 2.713846
3.555857 -0.046087 4.86595 0.722895
3.976513 3.751556 4.2555 0.686982
3.744741 0.380391 3.555857 -0.046087
4.717089 2.967637 3.976513 3.751556
3.381081 3.375803 3.744741 0.380391
3.964701 2.051801 4.717089 2.967637
4.275585 2.496787 3.381081 3.375803
4.086547 2.350102 3.964701 2.051801
4.195333 3.627176 4.275585 2.496787
3.972308 1.631397 4.086547 2.350102
3.446353 1.739243 4.195333 3.627176
3.507772 -0.259507 3.972308 1.631397
3.752135 1.186792 3.446353 1.739243
4.342305 4.512587 3.507772 -0.259507
3.904573 3.183321 3.752135 1.186792
3.474702 2.146167 4.342305 4.512587
4.807326 0.550306 3.904573 3.183321
4.697809 3.732143 3.474702 2.146167
4.764769 3.746963 4.807326 0.550306
3.837609 1.819013 4.697809 3.732143
3.327122 0.877491 4.764769 3.746963
4.179445 0.509374 3.837609 1.819013
3.758163 4.535824 3.327122 0.877491
3.420195 1.667822 4.179445 0.509374
3.358179 1.207931 3.758163 4.535824
4.333138 1.123023 3.420195 1.667822
4.500865 2.093882 3.358179 1.207931
4.174701 4.928042 4.333138 1.123023
3.140143 2.522568 4.500865 2.093882
4.281658 3.494965 4.174701 4.928042
3.551645 1.458362 3.140143 2.522568
4.178576 4.075363 4.281658 3.494965
4.237745 3.754904 3.551645 1.458362