0.810831 -0.552096
1.357364 1.165427
0.464588 0.342180
-0.643902 0.164353
0.836779 0.896883
-1.486807 -0.659875
-1.080320 -0.691931
-0.454588 -1.313122
0.015564 0.301778
0.505334 -0.808687
-0.042760 1.120155
-1.208152 0.058249
0.703988 -0.228097
-1.155050 -0.714617
-0.534014 0.581944
-0.030791 -0.977369
0.582063 -0.364418
0.150766 -0.747611
0.026504 -0.455569
-0.987247 -0.706803
1.179535 0.456121
0.319984 0.954960
0.997544 -0.316347
-0.986591 -0.959999
0.235613 0.309634
-0.127184 0.493345
-0.299913 0.514379
1.410037 0.234304
-1.229346 -0.264383
0.444969 -0.835820
0.367703 -0.115663
-1.167328 -1.253192
-0.355128 -0.492419
-1.077822 -0.624575
1.482912 1.224543
-0.061826 0.854676
0.448663 1.119711
0.131415 -0.391768
0.861910 1.283640
1.610711 0.863136
-1.219452 -1.230034
0.950742 -0.447317
-0.136005 -1.021787
0.332291 -0.114963
-0.914996 -0.583172
0.559103 0.845035
-0.334597 0.788516
-0.260040 0.451973
-1.560841 -0.849909
0.240598 -0.019207
0.485926 -0.435991
0.162651 0.065829
0.908328 -0.259693
0.847576 -0.534039
0.399616 -0.632924
0.699616 -0.388827
1.520275 1.094830
0.338343 1.068010
0.418087 -0.933666
-0.315581 -0.622709
-0.085800 0.065301
1.312839 0.016455
0.080016 -0.625835
-1.068532 -0.032295
0.001352 0.530560
0.769499 0.168204
-0.879176 0.047597
0.977896 0.659221
0.972958 0.924593
1.131358 0.130643
-0.236159 -1.254458
0.805684 1.130203
-1.239237 -0.073223
1.137278 0.763314
0.803014 1.050028
0.907349 1.180425
0.424451 0.500140
1.404433 0.761112
0.595959 0.629293
-0.266909 -0.570652
-0.172559 -0.520051
-0.754906 0.655015
1.059447 0.506772
-0.337603 0.385062
-0.353915 0.379918
1.036535 -0.118344
0.293139 1.042856
0.151335 -0.451588
0.161223 -0.454017
-0.869544 -0.333425
-0.518041 -0.775865
-0.007588 -0.681203
-1.291836 0.049133
0.908889 1.356600
-0.036279 0.527961
-1.263525 -0.112923
-0.043080 -0.384994
0.156952 -0.440510
1.091437 1.193837
0.855828 0.442145
-0.514282 3.193695
-1.056665 2.135867
0.469198 3.135840
-0.666693 2.915994
0.660290 2.022188
-0.321550 1.904173
1.085684 2.502202
-1.527678 2.929190
-0.708347 2.956307
0.038267 2.612920
-0.252631 2.836852
-0.266434 1.710894
1.280243 2.656411
0.469250 1.741391
-0.489844 2.694797
-1.843167 2.756672
1.436257 2.537759
1.610541 2.601274
-0.925627 3.090637
0.381862 2.869878
1.033866 2.830567
0.841006 3.090760
0.127807 2.872303
1.561945 2.920993
-0.958404 3.002588
-0.959318 1.981123
0.500829 2.631547
0.953172 3.196827
-0.759244 1.980889
0.755778 2.510551
0.176800 2.736909
-0.508643 2.759239
-1.586265 2.203695
-0.366563 2.943017
0.109035 2.153410
1.149810 2.725620
-1.541669 2.251848
-0.997811 1.991860
0.337051 1.811809
-1.257493 2.668611
-1.483411 2.597793
-0.960135 2.370833
1.319309 2.516477
0.662617 2.724650
-0.373176 3.126297
-1.273789 2.078211
1.457517 1.960769
0.175175 2.137481
-1.249487 2.552758
-1.766317 2.294052
-1.771004 2.247337
-1.028279 2.119438
0.647964 2.436128
1.421222 2.029610
1.815708 2.553270
-0.709933 2.774879
0.628700 2.263941
1.101019 2.312518
-0.850946 2.441709
-1.161875 2.459499
-1.917901 2.557697
1.619020 2.636847
0.345654 2.062426
1.321320 2.998103
1.576337 2.411215
-0.884658 2.606353
-1.166365 2.880788
-0.888455 2.649488
0.300287 1.865714
-0.168243 2.290775
1.491714 2.283442
-1.825572 2.360293
0.510346 1.917645
0.657498 1.749740
1.799944 2.373934
-1.568937 2.991486
-0.586001 2.052022
-0.665066 3.081557
0.885694 1.791796
1.468184 2.046193
-0.385049 3.148221
-0.728420 1.829680
-0.049924 2.331142
-0.851898 2.402296
1.818772 2.372645
-1.262745 2.019086
0.305039 2.753358
-0.487803 1.778518
1.358644 2.984491
-0.061581 1.987250
0.688312 1.813675
0.969963 2.196707
0.246576 2.359044
-1.153771 2.375196
0.141793 2.199259
0.523150 3.053531
0.374774 2.540291
-0.706522 2.680273
-1.404407 2.011466
1.878639 2.524433
-1.252161 4.595982
0.403397 4.664438
1.184887 4.729431
0.483914 4.661279
1.058662 4.139604
-0.743436 5.450736
-0.274353 4.145079
-0.467963 4.333563
-0.835754 4.782662
-1.138310 5.455840
0.135823 4.216405
-0.231157 5.910545
1.603099 4.092962
0.794240 5.514881
-1.259234 5.508506
-0.812622 4.289069
-0.288341 4.550324
-0.597914 4.542998
-1.532651 5.006298
0.868680 4.734013
-0.918091 5.803641
-0.406679 4.369684
-0.598748 5.700556
-0.294587 4.781506
0.920304 4.522640
0.313416 4.175750
-1.231420 4.807567
0.873939 4.097733
-1.892713 5.419602
0.145955 5.497594
-0.847049 4.472751
0.649144 5.086061
0.990046 4.553275
0.740694 4.660983
-0.074056 4.290081
-0.216103 4.231506
-0.623098 4.631027
0.470979 5.102245
1.139348 5.049803
1.562672 4.929757
0.392473 4.688762
-1.731083 5.473266
-0.289525 4.151830
0.683819 4.508960
-0.467571 4.782141
-0.426194 5.150778
0.554163 5.617883
0.394789 5.828746
-0.590456 5.203097
1.204960 3.878851
0.397568 5.255122
-0.951491 4.557399
0.790594 5.206282
-1.010864 4.524001
0.175817 4.704896
-0.787587 5.701639
-0.460813 4.529073
1.189202 4.272344
0.976272 5.521098
0.775250 4.939115
-0.584719 5.339831
0.800180 5.685280
-0.208715 4.606437
-1.445574 5.136822
0.835333 4.679101
-0.478916 4.854994
0.524237 5.383475
-0.453946 4.654461
-1.144358 6.028483
-1.617040 5.010613
0.219120 5.811611
-1.438528 4.826481
1.225849 4.881192
-0.770012 5.278370
-1.757166 5.829054
1.866244 4.350412
1.557602 4.173803
0.626700 5.206660
0.002688 4.658688
0.185793 4.845923
0.674552 5.078682
-0.506981 4.217089
-1.271237 4.570869
-1.075152 4.694641
-0.342006 4.671999
1.582373 4.388205
1.499016 4.457430
1.456675 5.254338
1.354302 5.158559
-0.860157 5.453408
-0.269243 4.354572
1.034253 5.502139
0.791924 4.014016
0.885695 5.513054
1.282074 4.662727
-0.374203 5.001295
0.183266 5.481366
0.033936 3.997822
0.234605 4.128577
0.384335 4.231267
4.797544 0.677006
4.260628 2.245181
4.167398 3.564682
3.373453 3.566361
3.282995 3.420318
4.066861 0.039136
3.754578 -0.327880
3.762222 4.104469
4.508022 4.191095
3.844941 1.519835
3.913053 0.310663
3.148710 2.600559
3.979385 1.216708
4.423954 -0.521113
4.842947 2.709300
4.270016 3.711829
4.470176 3.899750
4.693411 3.102836
3.785893 4.001349
3.316731 3.291898
4.708710 2.355085
4.439552 3.251531
3.560057 4.172264
4.800866 3.416010
3.625987 3.148536
4.061854 3.546475
3.967834 2.820288
4.955934 2.361857
3.934586 1.270400
3.343144 2.655829
4.149765 4.858076
4.581788 4.297241
3.138971 1.630446
3.232468 2.695755
3.905107 -0.094816
4.547954 0.319106
3.647935 2.562436
4.277992 1.135122
3.842152 0.784564
4.595315 4.068041
4.272179 4.184751
4.243864 1.589254
3.541893 2.264996
4.058019 2.347678
4.319215 -0.246127
3.786731 2.405603
3.765264 1.354399
4.227114 3.969368
3.856169 4.865862
3.631329 1.835823
4.200977 3.235876
3.676197 3.970413
3.612092 0.481770
3.477640 0.167865
3.352367 2.238113
4.148772 2.156695
4.028440 3.749225
4.511957 2.506159
4.437639 3.251211
3.462291 3.258124
4.670854 4.064812
4.227865 2.782661
4.314377 2.156743
4.242528 0.039906
4.371407 2.713846
4.865950 0.722895
4.255500 0.686982
3.555857 -0.046087
3.976513 3.751556
3.744741 0.380391
4.717089 2.967637
3.381081 3.375803
3.964701 2.051801
4.275585 2.496787
4.086547 2.350102
4.195333 3.627176
3.972308 1.631397
3.446353 1.739243
3.507772 -0.259507
3.752135 1.186792
4.342305 4.512587
3.904573 3.183321
3.474702 2.146167
4.807326 0.550306
4.697809 3.732143
4.764769 3.746963
3.837609 1.819013
3.327122 0.877491
4.179445 0.509374
3.758163 4.535824
3.420195 1.667822
3.358179 1.207931
4.333138 1.123023
4.500865 2.093882
4.174701 4.928042
3.140143 2.522568
4.281658 3.494965
3.551645 1.458362
4.178576 4.075363
4.237745 3.754904