6.08804 3.457729 -0.379504 -0.725536
4.147974 5.275341 6.08804 3.457729
6.538759 3.670323 4.147974 5.275341
4.579573 4.03559 6.538759 3.670323
4.756026 4.184762 4.579573 4.03559
5.221742 2.872705 4.756026 4.184762
5.271773 3.158064 5.221742 2.872705
4.046376 5.19232 5.271773 3.158064
6.530952 3.171413 4.046376 5.19232
4.918007 4.142507 6.530952 3.171413
4.495835 5.347824 4.918007 4.142507
4.847142 3.975707 4.495835 5.347824
3.899234 4.040381 4.847142 3.975707
4.679696 4.379142 3.899234 4.040381
4.036405 4.594875 4.679696 4.379142
4.018261 4.013737 4.036405 4.594875
5.234569 3.760527 4.018261 4.013737
4.984905 4.239113 5.234569 3.760527
7.209045 2.419611 4.984905 4.239113
3.795746 5.41732 7.209045 2.419611
5.599044 3.652363 3.795746 5.41732
4.347733 5.733284 5.599044 3.652363
4.611884 3.263189 4.347733 5.733284
3.20976 5.929938 4.611884 3.263189
3.047197 5.605715 3.20976 5.929938
6.614988 1.99694 3.047197 5.605715
3.628949 4.759601 6.614988 1.99694
5.679882 3.387574 3.628949 4.759601
4.090784 5.082992 5.679882 3.387574
4.884659 4.126374 4.090784 5.082992
5.294232 3.60824 4.884659 4.126374
4.737507 2.971033 5.294232 3.60824
5.016965 4.104913 4.737507 2.971033
5.769332 3.531472 5.016965 4.104913
6.226633 3.183755 5.769332 3.531472
5.407662 3.58732 6.226633 3.183755
5.223105 3.374202 5.407662 3.58732
6.153841 3.523051 5.223105 3.374202
6.147491 3.55938 6.153841 3.523051
3.541795 5.481148 6.147491 3.55938
4.055614 4.950815 3.541795 5.481148
4.757599 4.15887 4.055614 4.950815
6.281284 3.269307 4.757599 4.15887
4.137657 5.250571 6.281284 3.269307
6.918676 2.821118 4.137657 5.250571
4.930688 4.034272 6.918676 2.821118
5.901377 3.35669 4.930688 4.034272
5.694438 3.196179 5.901377 3.35669
4.861368 4.141037 5.694438 3.196179
4.382677 3.806134 4.861368 4.141037
3.575129 4.691179 4.382677 3.806134
4.829653 3.506404 3.575129 4.691179
7.041549 2.493977 4.829653 3.506404
5.467725 3.694661 7.041549 2.493977
3.692199 5.089819 5.467725 3.694661
5.056836 3.911783 3.692199 5.089819
6.104149 3.038421 5.056836 3.911783
5.255446 3.908565 6.104149 3.038421
6.190621 3.328189 5.255446 3.908565
4.7471 3.96534 6.190621 3.328189
4.342365 4.746133 4.7471 3.96534
5.424274 4.34488 4.342365 4.746133
4.83464 3.86829 5.424274 4.34488
5.327438 3.483126 4.83464 3.86829
5.220281 4.656288 5.327438 3.483126
5.264731 2.585434 5.220281 4.656288
4.613097 5.077099 5.264731 2.585434
4.558954 4.843669 4.613097 5.077099
3.976509 4.958404 4.558954 4.843669
4.886253 4.053592 3.976509 4.958404
6.205718 3.053422 4.886253 4.053592
5.187328 3.884761 6.205718 3.053422
5.558969 3.521963 5.187328 3.884761
5.143419 4.063314 5.558969 3.521963
5.288542 2.519799 5.143419 4.063314
4.774186 4.550199 5.288542 2.519799
5.205032 4.633762 4.774186 4.550199
5.01056 3.964303 5.205032 4.633762
5.111292 2.915992 5.01056 3.964303
5.049509 4.074692 5.111292 2.915992
4.920746 4.163867 5.049509 4.074692
6.499966 2.450873 4.920746 4.163867
4.427777 4.095152 6.499966 2.450873
5.379077 3.82921 4.427777 4.095152
5.430251 2.660845 5.379077 3.82921
5.583763 4.684032 5.430251 2.660845
4.978571 4.490517 5.583763 4.684032
5.698692 3.254074 4.978571 4.490517
4.547572 4.268452 5.698692 3.254074
4.115755 4.92395 4.547572 4.268452
6.511047 3.475524 4.115755 4.92395
4.531949 3.869006 6.511047 3.475524
4.003876 5.247859 4.531949 3.869006
4.527958 4.581731 4.003876 5.247859
4.998679 4.957066 4.527958 4.581731
4.561898 5.214168 4.998679 4.957066
4.97228 3.565601 4.561898 5.214168
4.422857 4.998251 4.97228 3.565601
4.377568 3.896673 4.422857 4.998251
4.101447 4.206488 4.377568 3.896673
0.678713 0.951598 4.101447 4.206488
-1.169512 -0.957855 0.678713 0.951598
0.631947 1.236489 -1.169512 -0.957855
-0.131799 -0.324218 0.631947 1.236489
-0.199565 -0.229171 -0.131799 -0.324218
0.900907 0.448131 -0.199565 -0.229171
0.699395 0.414314 0.900907 0.448131
-1.132646 -1.013298 0.699395 0.414314
1.004178 1.355361 -1.132646 -1.013298
-0.127378 -0.097121 1.004178 1.355361
-1.136909 -0.71508 -0.127378 -0.097121
-0.019995 -0.10857 -1.136909 -0.71508
-0.305477 -0.83567 -0.019995 -0.10857
-0.364433 -0.335014 -0.305477 -0.83567
-0.687055 -0.871415 -0.364433 -0.335014
-0.255737 -0.739738 -0.687055 -0.871415
0.238247 0.235795 -0.255737 -0.739738
-0.183108 -0.071099 0.238247 0.235795
1.737553 2.051881 -0.183108 -0.071099
-1.364054 -1.257521 1.737553 2.051881
0.410489 0.536193 -1.364054 -1.257521
-1.46303 -0.922521 0.410489 0.536193
0.455579 -0.106884 -1.46303 -0.922521
-1.895013 -1.825165 0.455579 -0.106884
-1.692487 -1.866031 -1.895013 -1.825165
1.906042 1.712006 -1.692487 -1.866031
-0.912464 -1.218189 1.906042 1.712006
0.62929 0.663018 -0.912464 -1.218189
-1.039548 -0.95266 0.62929 0.663018
-0.123616 -0.118099 -1.039548 -0.95266
0.367378 0.318614 -0.123616 -0.118099
0.706102 0.060372 0.367378 0.318614
-0.074443 -0.013505 0.706102 0.060372
0.543729 0.694131 -0.074443 -0.013505
0.918842 1.124036 0.543729 0.694131
0.411426 0.408917 0.918842 1.124036
0.525125 0.323778 0.411426 0.408917
0.646172 0.984618 0.525125 0.323778
0.617338 0.970773 0.646172 0.984618
-1.475412 -1.463941 0.617338 0.970773
-0.949208 -0.945993 -1.475412 -1.463941
-0.179752 -0.221518 -0.949208 -0.945993
0.868341 1.143636 -0.179752 -0.221518
-1.153514 -0.9594 0.868341 1.143636
1.363831 1.733728 -1.153514 -0.9594
-0.043032 -0.060552 1.363831 1.733728
0.707827 0.83686 -0.043032 -0.060552
0.776475 0.721784 0.707827 0.83686
-0.140435 -0.139233 0.776475 0.721784
-0.008931 -0.414526 -0.140435 -0.139233
-0.874602 -1.241448 -0.008931 -0.414526
0.32761 -0.004361 -0.874602 -1.241448
1.639905 1.907668 0.32761 -0.004361
0.345936 0.427129 1.639905 1.907668
-1.144314 -1.253305 0.345936 0.427129
0.080371 0.064681 -1.144314 -1.253305
0.997222 1.068506 0.080371 0.064681
0.132438 0.214444 0.997222 1.068506
0.801514 1.060919 0.132438 0.214444
-0.03723 -0.18101 0.801514 1.060919
-0.724008 -0.67976 -0.03723 -0.18101
-0.152591 0.231985 -0.724008 -0.67976
0.057443 -0.091092 -0.152591 0.231985
0.469515 0.374797 0.057443 -0.091092
-0.437146 0.001139 0.469515 0.374797
1.127107 0.55219 -0.437146 0.001139
-0.90455 -0.559452 1.127107 0.55219
-0.743013 -0.541702 -0.90455 -0.559452
-0.974676 -1.007219 -0.743013 -0.541702
-0.068631 -0.098708 -0.974676 -1.007219
1.011363 1.140933 -0.068631 -0.098708
0.133261 0.169306 1.011363 1.140933
0.49827 0.538736 0.133261 0.169306
-0.011631 0.091735 0.49827 0.538736
1.182286 0.586457 -0.011631 0.091735
-0.469102 -0.30691 1.182286 0.586457
-0.424064 -0.004667 -0.469102 -0.30691
0.029413 0.016844 -0.424064 -0.004667
0.840829 0.354471 0.029413 0.016844
-0.043642 0.018459 0.840829 0.354471
-0.142713 -0.100407 -0.043642 0.018459
1.536837 1.512256 -0.142713 -0.100407
-0.21442 -0.452956 1.536837 1.512256
0.222861 0.327005 -0.21442 -0.452956
1.111929 0.657477 0.222861 0.327005
-0.367083 0.266814 1.111929 0.657477
-0.373245 -0.138701 -0.367083 0.266814
0.734118 0.710501 -0.373245 -0.138701
-0.314446 -0.406434 0.734118 0.710501
-0.914024 -0.894171 -0.314446 -0.406434
0.771119 1.264404 -0.914024 -0.894171
-0.018767 -0.31829 0.771119 1.264404
-1.184925 -1.059058 -0.018767 -0.31829
-0.554309 -0.499464 -1.184925 -1.059058
-0.71813 -0.240257 -0.554309 -0.499464
-1.020152 -0.632119 -0.71813 -0.240257
0.31887 0.08781 -1.020152 -0.632119
-0.892974 -0.68242 0.31887 0.08781
-0.078113 -0.440992 -0.892974 -0.68242
-0.379504 -0.725536 -0.078113 -0.440992