4.495835 5.347824
4.847142 3.975707
3.899234 4.040381
4.679696 4.379142
4.036405 4.594875
4.018261 4.013737
5.234569 3.760527
4.984905 4.239113
7.209045 2.419611
3.795746 5.417320
5.599044 3.652363
4.347733 5.733284
4.611884 3.263189
3.209760 5.929938
3.047197 5.605715
6.614988 1.996940
3.628949 4.759601
5.679882 3.387574
4.090784 5.082992
4.884659 4.126374
5.294232 3.608240
4.737507 2.971033
5.016965 4.104913
5.769332 3.531472
6.226633 3.183755
5.407662 3.587320
5.223105 3.374202
6.153841 3.523051
6.147491 3.559380
3.541795 5.481148
4.055614 4.950815
4.757599 4.158870
6.281284 3.269307
4.137657 5.250571
6.918676 2.821118
4.930688 4.034272
5.901377 3.356690
5.694438 3.196179
4.861368 4.141037
4.382677 3.806134
3.575129 4.691179
4.829653 3.506404
7.041549 2.493977
5.467725 3.694661
3.692199 5.089819
5.056836 3.911783
6.104149 3.038421
5.255446 3.908565
6.190621 3.328189
4.747100 3.965340
4.342365 4.746133
5.424274 4.344880
4.834640 3.868290
5.327438 3.483126
5.220281 4.656288
5.264731 2.585434
4.613097 5.077099
4.558954 4.843669
3.976509 4.958404
4.886253 4.053592
6.205718 3.053422
5.187328 3.884761
5.558969 3.521963
5.143419 4.063314
5.288542 2.519799
4.774186 4.550199
5.205032 4.633762
5.010560 3.964303
5.111292 2.915992
5.049509 4.074692
4.920746 4.163867
6.499966 2.450873
4.427777 4.095152
5.379077 3.829210
5.430251 2.660845
5.583763 4.684032
4.978571 4.490517
5.698692 3.254074
4.547572 4.268452
4.115755 4.923950
6.511047 3.475524
4.531949 3.869006
4.003876 5.247859
4.527958 4.581731
4.998679 4.957066
4.561898 5.214168
4.972280 3.565601
4.422857 4.998251
4.377568 3.896673
4.101447 4.206488