0.810831 -0.552096 1.357364 1.165427 0.464588 0.342180 -0.643902 0.164353
0.836779 0.896883 -1.486807 -0.659875 -1.080320 -0.691931 -0.454588 -1.313122
0.015564 0.301778 0.505334 -0.808687 -0.042760 1.120155 -1.208152 0.058249
0.703988 -0.228097 -1.155050 -0.714617 -0.534014 0.581944 -0.030791 -0.977369
0.582063 -0.364418 0.150766 -0.747611 0.026504 -0.455569 -0.987247 -0.706803
1.179535 0.456121 0.319984 0.954960 0.997544 -0.316347 -0.986591 -0.959999
0.235613 0.309634 -0.127184 0.493345 -0.299913 0.514379 1.410037 0.234304
-1.229346 -0.264383 0.444969 -0.835820 0.367703 -0.115663 -1.167328 -1.253192
-0.355128 -0.492419 -1.077822 -0.624575 1.482912 1.224543 -0.061826 0.854676
0.448663 1.119711 0.131415 -0.391768 0.861910 1.283640 1.610711 0.863136
-1.219452 -1.230034 0.950742 -0.447317 -0.136005 -1.021787 0.332291 -0.114963
-0.914996 -0.583172 0.559103 0.845035 -0.334597 0.788516 -0.260040 0.451973
-1.560841 -0.849909 0.240598 -0.019207 0.485926 -0.435991 0.162651 0.065829
0.908328 -0.259693 0.847576 -0.534039 0.399616 -0.632924 0.699616 -0.388827
1.520275 1.094830 0.338343 1.068010 0.418087 -0.933666 -0.315581 -0.622709
-0.085800 0.065301 1.312839 0.016455 0.080016 -0.625835 -1.068532 -0.032295
0.001352 0.530560 0.769499 0.168204 -0.879176 0.047597 0.977896 0.659221
0.972958 0.924593 1.131358 0.130643 -0.236159 -1.25445 0.805684 1.130203
-1.239237 -0.073223 1.137278 0.763314 0.803014 1.050028 0.907349 1.180425
0.424451 0.500140 1.404433 0.761112 0.595959 0.629293 -0.266909 -0.570652
-0.172559 -0.520051 -0.754906 0.655015 1.059447 0.506772 -0.337603 0.385062
-0.353915 0.379918 1.036535 -0.118344 0.293139 1.042856 0.151335 -0.451588
0.161223 -0.454017 -0.869544 -0.333425 -0.518041 -0.775865 -0.007588 -0.681203
-1.291836 0.049133 0.908889 1.356600 -0.036279 0.527961 -1.263525 -0.112923
-0.043080 -0.384994 0.156952 -0.440510 1.091437 1.193837 0.855828 0.442145
-0.514282 3.193695 -1.056665 2.135867 0.469198 3.135840 -0.666693 2.915994
0.660290 2.022188 -0.321550 1.904173 1.085684 2.502202 -1.527678 2.929190
-0.708347 2.956307 0.038267 2.612920 -0.252631 2.836852 -0.266434 1.710894
1.280243 2.656411 0.469250 1.741391 -0.489844 2.694797 -1.843167 2.756672
1.436257 2.537759 1.610541 2.601274 -0.925627 3.090637 0.381862 2.869878
1.033866 2.830567 0.841006 3.090760 0.127807 2.872303 1.561945 2.920993
-0.958404 3.002588 -0.959318 1.981123 0.500829 2.631547 0.953172 3.196827
-0.759244 1.980889 0.755778 2.510551 0.176800 2.736909 -0.508643 2.759239
-1.586265 2.203695 -0.366563 2.943017 0.109035 2.153410 1.149810 2.725620
-1.541669 2.251848 -0.997811 1.991860 0.337051 1.811809 -1.257493 2.668611
-1.483411 2.597793 -0.960135 2.370833 1.319309 2.516477 0.662617 2.724650
-0.373176 3.126297 -1.273789 2.078211 1.457517 1.960769 0.175175 2.137481
-1.249487 2.552758 -1.766317 2.294052 -1.771004 2.247337 -1.028279 2.119438
0.647964 2.436128 1.421222 2.029610 1.815708 2.553270 -0.709933 2.774879
0.628700 2.263941 1.101019 2.312518 -0.850946 2.441709 -1.161875 2.459499