-1.252161 4.595982 0.403397 4.664438 1.184887 4.729431 0.483914 4.661279
1.058662 4.139604 -0.743436 5.450736 -0.274353 4.145079 -0.467963 4.333563
-0.835754 4.782662 -1.138310 5.455840 0.135823 4.216405 -0.231157 5.910545
1.603099 4.092962 0.794240 5.514881 -1.259234 5.508506 -0.812622 4.289069
-0.288341 4.550324 -0.597914 4.54299 -1.532651 5.006298 0.868680 4.734013
-0.918091 5.803641 -0.406679 4.369684 -0.598748 5.700556 -0.294587 4.781506
0.920304 4.522640 0.313416 4.175750 -1.231420 4.807567 0.873939 4.097733
-1.892713 5.419602 0.145955 5.497594 -0.847049 4.472751 0.649144 5.086061
0.990046 4.553275 0.740694 4.660983 -0.074056 4.290081 -0.216103 4.231506
-0.623098 4.631027 0.470979 5.102245 1.139348 5.049803 1.562672 4.929757
-1.917901 1.557697 1.619020 2.636847 0.345654 2.062426 0.321320 2.998103
-0.385049 3.148221 -0.728420 1.829680 -0.049924 2.331142 0.851898 2.402296
1.576337 2.411215 -0.884658 2.606353 -1.166365 2.880788 0.888455 1.649488
0.300287 1.865714 -0.168243 2.290775 1.491714 2.283442 -1.825572 2.360293
0.510346 1.917645 0.657498 1.749740 1.799944 2.373934 -1.568937 2.991486
-0.586001 2.052022 -0.665066 3.081557 0.885694 1.791796 1.468184 2.046193
1.818772 2.372645 -1.262745 2.019086 0.305039 2.753358 -0.487803 1.778518
1.358644 2.984491 -0.061581 1.987250 0.688312 1.813675 0.969963 2.196707
0.246576 2.359044 -1.153771 2.375196 0.141793 2.199259 0.523150 3.053531
0.374774 2.540291 -0.706522 2.680273 -1.404407 2.011466 1.878639 2.524433